431.000000
1840.000000
2908.000000
3961.000000
5397.000000
7340.000000
8707.000000
10130.000000
11303.000000
12510.000000
13760.000000
15610.000000
16720.000000
18200.000000
19441.000000
20450.000000
21451.000000
22631.000000
24080.000000
25328.000000
26494.000000
27788.000000
29034.000000
30171.000000
31856.000000
33844.000000
34934.000000
36708.000000
38112.000000
39717.000000
40718.000000
41818.000000
42821.000000
44059.000000
45702.000000
47002.000000
48466.000000
49570.000000
50712.000000
52097.000000
53591.000000
54732.000000
55744.000000
57388.000000
58427.000000
59431.000000
60747.000000
61864.000000
62957.000000
64218.000000
65907.000000
67530.000000
68981.000000
70447.000000
71632.000000
72716.000000
73768.000000
75105.000000
76299.000000
77325.000000
78587.000000
80150.000000
81371.000000
83111.000000
84238.000000
85641.000000
86663.000000
88229.000000
90029.000000
91238.000000
92374.000000
93821.000000
95329.000000
96655.000000
98037.000000
99103.000000
101070.000000
102143.000000
103565.000000
104776.000000
106051.000000
107311.000000
108323.000000
109343.000000
110498.000000
112159.000000
